  *** Project Runge-Kutt ***
  ****** Input  maximum steps i_max:
1000
   h= 5.00500482E-03     t_max=5.00000000        i_max= 1000
   p2= 7.00000000        Beta=1.00000000         Kappa=   6.00000000        x0=  0.100000001    
 _________________________________________________
     i             t               K(t)    (p2-Beta/Kappa*x)      x(t)
           1   5.00500482E-03   3.26006007       6.96422291      0.214661866    
           2   1.00100096E-02   3.32012010       6.94481707      0.331097603    
           3   1.50150144E-02   3.38018012       6.92511845      0.449290663    
           4   2.00200193E-02   3.44024038       6.90512943      0.569224238    
           5   2.50250250E-02   3.50030041       6.88485336      0.690881252    
           6   3.00300308E-02   3.56036043       6.86429262      0.814244509    
           7   3.50350365E-02   3.62042046       6.84345055      0.939296544    
           8   4.00400423E-02   3.68048048       6.82233000       1.06601977    
           9   4.50450480E-02   3.74054050       6.80093384       1.19439626    
          10   5.00500537E-02   3.80060077       6.77926540       1.32440805    
          11   5.50550595E-02   3.86066079       6.75732708       1.45603693    
          12   6.00600652E-02   3.92072082       6.73512268       1.58926451    
          13   6.50650710E-02   3.98078084       6.71265459       1.72407210    
          14   7.00700730E-02   4.04084110       6.68992662       1.86044109    
          15   7.50750750E-02   4.10090113       6.66694117       1.99835253    
          16   8.00800771E-02   4.16096115       6.64370203       2.13778734    
          17   8.50850791E-02   4.22102070       6.62021255       2.27872610    
          18   9.00900811E-02   4.28108120       6.59647512       2.42114949    
          19   9.50950831E-02   4.34114075       6.57249355       2.56503797    
          20  0.100100085       4.40120125       6.54827118       2.71037173    
          21  0.105105087       4.46126080       6.52381134       2.85713100    
          22  0.110110089       4.52132130       6.49911737       3.00529575    
          23  0.115115091       4.58138084       6.47419214       3.15484595    
          24  0.120120093       4.64144135       6.44903994       3.30576134    
          25  0.125125095       4.70150089       6.42366314       3.45802140    
          26  0.130130097       4.76156139       6.39806557       3.61160564    
          27  0.135135099       4.82162094       6.37225103       3.76649332    
          28  0.140140101       4.88168144       6.34622288       3.92266369    
          29  0.145145103       4.94174099       6.31998396       4.08009624    
          30  0.150150105       5.00180149       6.29353857       4.23876953    
          31  0.155155107       5.06186104       6.26688957       4.39866304    
          32  0.160160109       5.12192154       6.24004078       4.55975533    
          33  0.165165111       5.18198109       6.21299601       4.72202492    
          34  0.170170113       5.24204159       6.18575811       4.88545084    
          35  0.175175115       5.30210114       6.15833139       5.05001163    
          36  0.180180117       5.36216164       6.13071918       5.21568537    
          37  0.185185120       5.42222118       6.10292482       5.38245106    
          38  0.190190122       5.48228168       6.07495213       5.55028677    
          39  0.195195124       5.54234123       6.04680490       5.71917105    
          40  0.200200126       5.60240173       6.01848650       5.88908195    
          41  0.205205128       5.66246128       5.99000025       6.05999756    
          42  0.210210130       5.72252178       5.96135044       6.23189640    
          43  0.215215132       5.78258133       5.93254042       6.40475655    
          44  0.220220134       5.84264183       5.90357399       6.57855606    
          45  0.225225136       5.90270138       5.87445450       6.75327253    
          46  0.230230138       5.96276188       5.84518576       6.92888451    
          47  0.235235140       6.02282143       5.81577158       7.10536957    
          48  0.240240142       6.08288193       5.78621578       7.28270626    
          49  0.245245144       6.14294147       5.75652122       7.46087217    
          50  0.250250161       6.20300198       5.72669220       7.63984537    
          51  0.255255163       6.26306200       5.69673252       7.81960344    
          52  0.260260165       6.32312202       5.66664600       8.00012493    
          53  0.265265167       6.38318205       5.63643551       8.18138695    
          54  0.270270169       6.44324207       5.60610533       8.36336803    
          55  0.275275171       6.50330210       5.57565880       8.54604530    
          56  0.280280173       6.56336212       5.54510021       8.72939777    
          57  0.285285175       6.62342215       5.51443291       8.91340351    
          58  0.290290177       6.68348217       5.48365974       9.09803963    
          59  0.295295179       6.74354219       5.45278597       9.28328419    
          60  0.300300181       6.80360222       5.42181396       9.46911621    
          61  0.305305183       6.86366224       5.39074802       9.65551281    
          62  0.310310185       6.92372227       5.35959101       9.84245300    
          63  0.315315187       6.98378229       5.32834768       10.0299139    
          64  0.320320189       7.04384232       5.29702091       10.2178745    
          65  0.325325191       7.10390234       5.26561451       10.4063129    
          66  0.330330193       7.16396236       5.23413181       10.5952072    
          67  0.335335195       7.22402191       5.20257711       10.7845364    
          68  0.340340197       7.28408241       5.17095375       10.9742785    
          69  0.345345199       7.34414196       5.13926458       11.1644125    
          70  0.350350201       7.40420246       5.10751390       11.3549166    
          71  0.355355203       7.46426201       5.07570505       11.5457697    
          72  0.360360205       7.52432251       5.04384136       11.7369499    
          73  0.365365207       7.58438206       5.01192713       11.9284372    
          74  0.370370209       7.64444256       4.97996521       12.1202097    
          75  0.375375211       7.70450211       4.94795895       12.3122463    
          76  0.380380213       7.76456261       4.91591215       12.5045271    
          77  0.385385215       7.82462215       4.88382816       12.6970301    
          78  0.390390217       7.88468266       4.85171080       12.8897352    
          79  0.395395219       7.94474220       4.81956291       13.0826216    
          80  0.400400221       8.00480270       4.78738832       13.2756691    
          81  0.405405223       8.06486225       4.75519037       13.4688578    
          82  0.410410225       8.12492275       4.72297192       13.6621666    
          83  0.415415227       8.18498230       4.69073725       13.8555756    
          84  0.420420229       8.24504280       4.65848923       14.0490646    
          85  0.425425231       8.30510235       4.62623072       14.2426147    
          86  0.430430233       8.36516285       4.59396553       14.4362059    
          87  0.435435236       8.42522240       4.56169701       14.6298180    
          88  0.440440238       8.48528290       4.52942801       14.8234310    
          89  0.445445240       8.54534245       4.49716187       15.0170269    
          90  0.450450242       8.60540295       4.46490240       15.2105856    
          91  0.455455244       8.66546249       4.43265200       15.4040880    
          92  0.460460246       8.72552299       4.40041399       15.5975161    
          93  0.465465248       8.78558254       4.36819172       15.7908506    
          94  0.470470250       8.84564304       4.33598804       15.9840727    
          95  0.475475252       8.90570259       4.30380583       16.1771641    
          96  0.480480254       8.96576309       4.27164888       16.3701057    
          97  0.485485256       9.02582264       4.23951960       16.5628815    
          98  0.490490258       9.08588314       4.20742130       16.7554722    
          99  0.495495260       9.14594269       4.17535686       16.9478588    
         100  0.500500262       9.20600319       4.14332914       17.1400242    
         101  0.505505264       9.26606274       4.11134100       17.3319530    
         102  0.510510266       9.32612324       4.07939529       17.5236263    
         103  0.515515268       9.38618279       4.04749537       17.7150269    
         104  0.520520270       9.44624329       4.01564360       17.9061375    
         105  0.525525272       9.50630283       3.98384309       18.0969410    
         106  0.530530274       9.56636333       3.95209622       18.2874222    
         107  0.535535276       9.62642288       3.92040586       18.4775639    
         108  0.540540278       9.68648338       3.88877487       18.6673508    
         109  0.545545280       9.74654293       3.85720563       18.8567657    
         110  0.550550282       9.80660343       3.82570124       19.0457916    
         111  0.555555284       9.86666298       3.79426408       19.2344151    
         112  0.560560286       9.92672348       3.76289678       19.4226189    
         113  0.565565288       9.98678303       3.73160172       19.6103897    
         114  0.570570290       10.0468435       3.70038152       19.7977104    
         115  0.575575292       10.1069031       3.66923857       19.9845676    
         116  0.580580294       10.1669636       3.63817549       20.1709461    
         117  0.585585296       10.2270231       3.60719490       20.3568306    
         118  0.590590298       10.2870836       3.57629871       20.5422077    
         119  0.595595300       10.3471432       3.54548955       20.7270622    
         120  0.600600302       10.4072037       3.51476979       20.9113808    
         121  0.605605304       10.4672632       3.48414159       21.0951500    
         122  0.610610306       10.5273237       3.45360708       21.2783566    
         123  0.615615308       10.5873833       3.42316914       21.4609852    
         124  0.620620310       10.6474438       3.39282918       21.6430244    
         125  0.625625312       10.7075033       3.36258984       21.8244610    
         126  0.630630314       10.7675638       3.33245277       22.0052834    
         127  0.635635316       10.8276234       3.30242062       22.1854763    
         128  0.640640318       10.8876839       3.27249479       22.3650303    
         129  0.645645320       10.9477434       3.24267793       22.5439320    
         130  0.650650322       11.0078039       3.21297169       22.7221699    
         131  0.655655324       11.0678635       3.18337822       22.8997307    
         132  0.660660326       11.1279240       3.15389919       23.0766048    
         133  0.665665329       11.1879835       3.12453651       23.2527809    
         134  0.670670331       11.2480440       3.09529233       23.4282455    
         135  0.675675333       11.3081036       3.06616807       23.6029911    
         136  0.680680335       11.3681641       3.03716588       23.7770042    
         137  0.685685337       11.4282236       3.00828695       23.9502773    
         138  0.690690339       11.4882841       2.97953367       24.1227970    
         139  0.695695341       11.5483437       2.95090723       24.2945557    
         140  0.700700343       11.6084042       2.92240953       24.4655418    
         141  0.705705345       11.6684637       2.89404202       24.6357479    
         142  0.710710347       11.7285242       2.86580610       24.8051624    
         143  0.715715349       11.7885838       2.83770370       24.9737778    
         144  0.720720351       11.8486443       2.80973577       25.1415844    
         145  0.725725353       11.9087038       2.78190422       25.3085728    
         146  0.730730355       11.9687643       2.75421047       25.4747353    
         147  0.735735357       12.0288239       2.72665596       25.6400623    
         148  0.740740359       12.0888844       2.69924164       25.8045483    
         149  0.745745361       12.1489439       2.67196941       25.9681835    
         150  0.750750363       12.2090044       2.64483976       26.1309605    
         151  0.755755365       12.2690639       2.61785460       26.2928715    
         152  0.760760367       12.3291245       2.59101486       26.4539089    
         153  0.765765369       12.3891840       2.56432199       26.6140671    
         154  0.770770371       12.4492445       2.53777695       26.7733364    
         155  0.775775373       12.5093040       2.51138115       26.9317131    
         156  0.780780375       12.5693645       2.48513508       27.0891895    
         157  0.785785377       12.6294241       2.45903969       27.2457600    
         158  0.790790379       12.6894846       2.43309689       27.4014168    
         159  0.795795381       12.7495441       2.40730715       27.5561562    
         160  0.800800383       12.8096046       2.38167143       27.7099705    
         161  0.805805385       12.8696642       2.35619068       27.8628559    
         162  0.810810387       12.9297247       2.33086586       28.0148048    
         163  0.815815389       12.9897842       2.30569744       28.1658134    
         164  0.820820391       13.0498447       2.28068686       28.3158779    
         165  0.825825393       13.1099043       2.25583458       28.4649925    
         166  0.830830395       13.1699648       2.23114109       28.6131535    
         167  0.835835397       13.2300243       2.20660734       28.7603550    
         168  0.840840399       13.2900848       2.18223381       28.9065952    
         169  0.845845401       13.3501444       2.15802193       29.0518684    
         170  0.850850403       13.4102049       2.13397121       29.1961708    
         171  0.855855405       13.4702644       2.11008310       29.3395004    
         172  0.860860407       13.5303249       2.08635807       29.4818516    
         173  0.865865409       13.5903845       2.06279612       29.6232224    
         174  0.870870411       13.6504450       2.03939819       29.7636089    
         175  0.875875413       13.7105045       2.01616478       29.9030094    
         176  0.880880415       13.7705650       1.99309635       30.0414219    
         177  0.885885417       13.8306246       1.97019291       30.1788425    
         178  0.890890419       13.8906851       1.94745493       30.3152695    
         179  0.895895422       13.9507446       1.92488289       30.4507008    
         180  0.900900424       14.0108051       1.90247726       30.5851345    
         181  0.905905426       14.0708647       1.88023853       30.7185688    
         182  0.910910428       14.1309252       1.85816622       30.8510017    
         183  0.915915430       14.1909847       1.83626127       30.9824314    
         184  0.920920432       14.2510452       1.81452370       31.1128578    
         185  0.925925434       14.3111048       1.79295349       31.2422791    
         186  0.930930436       14.3711653       1.77155113       31.3706932    
         187  0.935935438       14.4312248       1.75031614       31.4981022    
         188  0.940940440       14.4912853       1.72924900       31.6245041    
         189  0.945945442       14.5513449       1.70835018       31.7498970    
         190  0.950950444       14.6114054       1.68761921       31.8742828    
         191  0.955955446       14.6714649       1.66705656       31.9976597    
         192  0.960960448       14.7315254       1.64666176       32.1200294    
         193  0.965965450       14.7915850       1.62643480       32.2413902    
         194  0.970970452       14.8516455       1.60637569       32.3617439    
         195  0.975975454       14.9117050       1.58648491       32.4810905    
         196  0.980980456       14.9717655       1.56676149       32.5994301    
         197  0.985985458       15.0318251       1.54720592       32.7167625    
         198  0.990990460       15.0918856       1.52781868       32.8330879    
         199  0.995995462       15.1519451       1.50859833       32.9484100    
         200   1.00100052       15.2120066       1.48954487       33.0627289    
         201   1.00600553       15.2720661       1.47065830       33.1760483    
         202   1.01101053       15.3321257       1.45193911       33.2883644    
         203   1.01601553       15.3921862       1.43338585       33.3996849    
         204   1.02102053       15.4522467       1.41499901       33.5100060    
         205   1.02602553       15.5123062       1.39677811       33.6193314    
         206   1.03103054       15.5723658       1.37872219       33.7276649    
         207   1.03603554       15.6324263       1.36083221       33.8350067    
         208   1.04104054       15.6924868       1.34310627       33.9413605    
         209   1.04604554       15.7525463       1.32554531       34.0467262    
         210   1.05105054       15.8126059       1.30814838       34.1511078    
         211   1.05605555       15.8726664       1.29091501       34.2545090    
         212   1.06106055       15.9327269       1.27384472       34.3569298    
         213   1.06606555       15.9927864       1.25693750       34.4583740    
         214   1.07107055       16.0528469       1.24019241       34.5588455    
         215   1.07607555       16.1129074       1.22360897       34.6583443    
         216   1.08108056       16.1729679       1.20718670       34.7568779    
         217   1.08608556       16.2330265       1.19092560       34.8544464    
         218   1.09109056       16.2930870       1.17482424       34.9510536    
         219   1.09609556       16.3531475       1.15888262       35.0467033    
         220   1.10110056       16.4132080       1.14309978       35.1413994    
         221   1.10610557       16.4732666       1.12747622       35.2351418    
         222   1.11111057       16.5333271       1.11201000       35.3279381    
         223   1.11611557       16.5933876       1.09670115       35.4197922    
         224   1.12112057       16.6534481       1.08154869       35.5107079    
         225   1.12612557       16.7135067       1.06655216       35.6006851    
         226   1.13113058       16.7735672       1.05171108       35.6897316    
         227   1.13613558       16.8336277       1.03702450       35.7778511    
         228   1.14114058       16.8936882       1.02249193       35.8650475    
         229   1.14614558       16.9537468       1.00811243       35.9513245    
         230   1.15115058       17.0138073      0.993885517       36.0366859    
         231   1.15615559       17.0738678      0.979809761       36.1211395    
         232   1.16116059       17.1339283      0.965885639       36.2046852    
         233   1.16616559       17.1939869      0.952111244       36.2873306    
         234   1.17117059       17.2540474      0.938486576       36.3690796    
         235   1.17617559       17.3141079      0.925010681       36.4499359    
         236   1.18118060       17.3741684      0.911682129       36.5299072    
         237   1.18618560       17.4342270      0.898500443       36.6089973    
         238   1.19119060       17.4942875      0.885464668       36.6872101    
         239   1.19619560       17.5543480      0.872574806       36.7645493    
         240   1.20120060       17.6144085      0.859829426       36.8410225    
         241   1.20620561       17.6744671      0.847227573       36.9166336    
         242   1.21121061       17.7345276      0.834768772       36.9913864    
         243   1.21621561       17.7945881      0.822452545       37.0652847    
         244   1.22122061       17.8546486      0.810276508       37.1383400    
         245   1.22622561       17.9147072      0.798241138       37.2105522    
         246   1.23123062       17.9747677      0.786345005       37.2819290    
         247   1.23623562       18.0348282      0.774587631       37.3524742    
         248   1.24124062       18.0948887      0.762968063       37.4221916    
         249   1.24624562       18.1549473      0.751484394       37.4910927    
         250   1.25125062       18.2150078      0.740137100       37.5591774    
         251   1.25625563       18.2750683      0.728924274       37.6264534    
         252   1.26126063       18.3351288      0.717845917       37.6929245    
         253   1.26626563       18.3951874      0.706900120       37.7585983    
         254   1.27127063       18.4552479      0.696085930       37.8234825    
         255   1.27627563       18.5153084      0.685403824       37.8875771    
         256   1.28128064       18.5753689      0.674850941       37.9508934    
         257   1.28628564       18.6354275      0.664427280       38.0134354    
         258   1.29129064       18.6954880      0.654131889       38.0752068    
         259   1.29629564       18.7555485      0.643963814       38.1362152    
         260   1.30130064       18.8156090      0.633922577       38.1964645    
         261   1.30630565       18.8756676      0.624006271       38.2559624    
         262   1.31131065       18.9357281      0.614214420       38.3147125    
         263   1.31631565       18.9957886      0.604546070       38.3727226    
         264   1.32132065       19.0558491      0.594999790       38.4300003    
         265   1.32632565       19.1159077      0.585575104       38.4865494    
         266   1.33133066       19.1759682      0.576271057       38.5423737    
         267   1.33633566       19.2360287      0.567085743       38.5974846    
         268   1.34134066       19.2960892      0.558019638       38.6518822    
         269   1.34634566       19.3561478      0.549070358       38.7055779    
         270   1.35135067       19.4162083      0.540237904       38.7585716    
         271   1.35635567       19.4762688      0.531520844       38.8108749    
         272   1.36136067       19.5363293      0.522917747       38.8624916    
         273   1.36636567       19.5963898      0.514429092       38.9134254    
         274   1.37137067       19.6564484      0.506052017       38.9636879    
         275   1.37637568       19.7165089      0.497786522       39.0132790    
         276   1.38138068       19.7765694      0.489632130       39.0622063    
         277   1.38638568       19.8366280      0.481586933       39.1104774    
         278   1.39139068       19.8966885      0.473649979       39.1581001    
         279   1.39639568       19.9567490      0.465820312       39.2050781    
         280   1.40140069       20.0168095      0.458097458       39.2514153    
         281   1.40640569       20.0768700      0.450479984       39.2971191    
         282   1.41141069       20.1369286      0.442966938       39.3421974    
         283   1.41641569       20.1969891      0.435557365       39.3866539    
         284   1.42142069       20.2570496      0.428250313       39.4304962    
         285   1.42642570       20.3171082      0.421045303       39.4737282    
         286   1.43143070       20.3771687      0.413940430       39.5163574    
         287   1.43643570       20.4372292      0.406934738       39.5583916    
         288   1.44144070       20.4972897      0.400027275       39.5998344    
         289   1.44644570       20.5573502      0.393218040       39.6406898    
         290   1.45145071       20.6174088      0.386505127       39.6809692    
         291   1.45645571       20.6774693      0.379887581       39.7206726    
         292   1.46146071       20.7375298      0.373365402       39.7598076    
         293   1.46646571       20.7975883      0.366936207       39.7983818    
         294   1.47147071       20.8576488      0.360599518       39.8364029    
         295   1.47647572       20.9177094      0.354354858       39.8738708    
         296   1.48148072       20.9777699      0.348200321       39.9107971    
         297   1.48648572       21.0378304      0.342135429       39.9471855    
         298   1.49149072       21.0978889      0.336159706       39.9830399    
         299   1.49649572       21.1579494      0.330271721       40.0183678    
         300   1.50150073       21.2180099      0.324470997       40.0531731    
         301   1.50650573       21.2780685      0.318756104       40.0874634    
         302   1.51151073       21.3381290      0.313126087       40.1212425    
         303   1.51651573       21.3981895      0.307579994       40.1545181    
         304   1.52152073       21.4582500      0.302117348       40.1872940    
         305   1.52652574       21.5183105      0.296736717       40.2195778    
         306   1.53153074       21.5783691      0.291437626       40.2513733    
         307   1.53653574       21.6384296      0.286218643       40.2826881    
         308   1.54154074       21.6984901      0.281078815       40.3135262    
         309   1.54654574       21.7585487      0.276017189       40.3438950    
         310   1.55155075       21.8186092      0.271033287       40.3737984    
         311   1.55655575       21.8786697      0.266126633       40.4032402    
         312   1.56156075       21.9387302      0.261295319       40.4322281    
         313   1.56656575       21.9987907      0.256538868       40.4607658    
         314   1.57157075       22.0588493      0.251856327       40.4888611    
         315   1.57657576       22.1189098      0.247246742       40.5165176    
         316   1.58158076       22.1789703      0.242709160       40.5437431    
         317   1.58658576       22.2390289      0.238243580       40.5705376    
         318   1.59159076       22.2990894      0.233847618       40.5969124    
         319   1.59659576       22.3591499      0.229521751       40.6228676    
         320   1.60160077       22.4192104      0.225264549       40.6484108    
         321   1.60660577       22.4792709      0.221075535       40.6735458    
         322   1.61161077       22.5393295      0.216953278       40.6982803    
         323   1.61661577       22.5993900      0.212896824       40.7226181    
         324   1.62162077       22.6594505      0.208906174       40.7465630    
         325   1.62662578       22.7195091      0.204979897       40.7701187    
         326   1.63163078       22.7795696      0.201117516       40.7932930    
         327   1.63663578       22.8396301      0.197318077       40.8160896    
         328   1.64164078       22.8996906      0.193580627       40.8385162    
         329   1.64664578       22.9597511      0.189904213       40.8605728    
         330   1.65165079       23.0198097      0.186288834       40.8822670    
         331   1.65665579       23.0798702      0.182732582       40.9036026    
         332   1.66166079       23.1399307      0.179235458       40.9245872    
         333   1.66666579       23.1999893      0.175796509       40.9452209    
         334   1.67167079       23.2600498      0.172414780       40.9655113    
         335   1.67667580       23.3201103      0.169089317       40.9854622    
         336   1.68168080       23.3801708      0.165820122       41.0050774    
         337   1.68668580       23.4402313      0.162606239       41.0243607    
         338   1.69169080       23.5002899      0.159446716       41.0433197    
         339   1.69669580       23.5603504      0.156340122       41.0619583    
         340   1.70170081       23.6204109      0.153286457       41.0802803    
         341   1.70670581       23.6804695      0.150284767       41.0982895    
         342   1.71171081       23.7405300      0.147335052       41.1159897    
         343   1.71671581       23.8005905      0.144435883       41.1333847    
         344   1.72172081       23.8606510      0.141586304       41.1504822    
         345   1.72672582       23.9207115      0.138786316       41.1672821    
         346   1.73173082       23.9807701      0.136034489       41.1837921    
         347   1.73673582       24.0408306      0.133331299       41.2000122    
         348   1.74174082       24.1008911      0.130674839       41.2159500    
         349   1.74674582       24.1609497      0.128065109       41.2316093    
         350   1.75175083       24.2210102      0.125500679       41.2469940    
         351   1.75675583       24.2810707      0.122982025       41.2621078    
         352   1.76176083       24.3411312      0.120507240       41.2769547    
         353   1.76676583       24.4011917      0.118076801       41.2915382    
         354   1.77177083       24.4612503      0.115689278       41.3058624    
         355   1.77677584       24.5213108      0.113344669       41.3199310    
         356   1.78178084       24.5813713      0.111042023       41.3337479    
         357   1.78678584       24.6414299      0.108780384       41.3473167    
         358   1.79179084       24.7014904      0.106559753       41.3606415    
         359   1.79679585       24.7615509      0.104378700       41.3737259    
         360   1.80180085       24.8216114      0.102237701       41.3865738    
         361   1.80680585       24.8816719      0.100135803       41.3991852    
         362   1.81181085       24.9417305       9.80720520E-02   41.4115677    
         363   1.81681585       25.0017910       9.60454941E-02   41.4237251    
         364   1.82182086       25.0618515       9.40570831E-02   41.4356575    
         365   1.82682586       25.1219101       9.21044350E-02   41.4473724    
         366   1.83183086       25.1819706       9.01880264E-02   41.4588699    
         367   1.83683586       25.2420311       8.83069038E-02   41.4701576    
         368   1.84184086       25.3020916       8.64605904E-02   41.4812355    
         369   1.84684587       25.3621521       8.46486092E-02   41.4921074    
         370   1.85185087       25.4222107       8.28709602E-02   41.5027733    
         371   1.85685587       25.4822712       8.11262131E-02   41.5132408    
         372   1.86186087       25.5423317       7.94143677E-02   41.5235138    
         373   1.86686587       25.6023903       7.77344704E-02   41.5335922    
         374   1.87187088       25.6624508       7.60865211E-02   41.5434799    
         375   1.87687588       25.7225113       7.44695663E-02   41.5531807    
         376   1.88188088       25.7825718       7.28836060E-02   41.5626984    
         377   1.88688588       25.8426323       7.13276863E-02   41.5720329    
         378   1.89189088       25.9026909       6.98018074E-02   41.5811882    
         379   1.89689589       25.9627514       6.83050156E-02   41.5901680    
         380   1.90190089       26.0228119       6.68373108E-02   41.5989761    
         381   1.90690589       26.0828705       6.53972626E-02   41.6076164    
         382   1.91191089       26.1429310       6.39848709E-02   41.6160889    
         383   1.91691589       26.2029915       6.26001358E-02   41.6243973    
         384   1.92192090       26.2630520       6.12421036E-02   41.6325455    
         385   1.92692590       26.3231125       5.99107742E-02   41.6405334    
         386   1.93193090       26.3831711       5.86056709E-02   41.6483650    
         387   1.93693590       26.4432316       5.73258400E-02   41.6560440    
         388   1.94194090       26.5032921       5.60712814E-02   41.6635704    
         389   1.94694591       26.5633507       5.48410416E-02   41.6709518    
         390   1.95195091       26.6234112       5.36355972E-02   41.6781845    
         391   1.95695591       26.6834717       5.24539948E-02   41.6852760    
         392   1.96196091       26.7435322       5.12952805E-02   41.6922264    
         393   1.96696591       26.8035927       5.01599312E-02   41.6990395    
         394   1.97197092       26.8636513       4.90474701E-02   41.7057152    
         395   1.97697592       26.9237118       4.79569435E-02   41.7122574    
         396   1.98198092       26.9837723       4.68888283E-02   41.7186661    
         397   1.98698592       27.0438309       4.58416939E-02   41.7249489    
         398   1.99199092       27.1038914       4.48160172E-02   41.7311020    
         399   1.99699593       27.1639519       4.38108444E-02   41.7371330    
         400   2.00200105       27.2240143       4.28261757E-02   41.7430420    
         401   2.00700617       27.2840748       4.18615341E-02   41.7488289    
         402   2.01201129       27.3441353       4.09169197E-02   41.7544975    
         403   2.01701641       27.4041977       3.99913788E-02   41.7600517    
         404   2.02202153       27.4642601       3.90844345E-02   41.7654915    
         405   2.02702665       27.5243206       3.81965637E-02   41.7708206    
         406   2.03203177       27.5843811       3.73268127E-02   41.7760391    
         407   2.03703690       27.6444435       3.64747047E-02   41.7811508    
         408   2.04204202       27.7045059       3.56407166E-02   41.7861557    
         409   2.04704714       27.7645664       3.48234177E-02   41.7910576    
         410   2.05205226       27.8246269       3.40237617E-02   41.7958565    
         411   2.05705738       27.8846893       3.32403183E-02   41.8005562    
         412   2.06206250       27.9447517       3.24735641E-02   41.8051567    
         413   2.06706762       28.0048122       3.17234993E-02   41.8096581    
         414   2.07207274       28.0648727       3.09886932E-02   41.8140678    
         415   2.07707787       28.1249352       3.02696228E-02   41.8183823    
         416   2.08208299       28.1849976       2.95658112E-02   41.8226051    
         417   2.08708811       28.2450581       2.88763046E-02   41.8267403    
         418   2.09209323       28.3051186       2.82020569E-02   41.8307877    
         419   2.09709835       28.3651810       2.75421143E-02   41.8347473    
         420   2.10210347       28.4252434       2.68959999E-02   41.8386230    
         421   2.10710859       28.4853039       2.62641907E-02   41.8424149    
         422   2.11211371       28.5453644       2.56452560E-02   41.8461266    
         423   2.11711884       28.6054268       2.50401497E-02   41.8497581    
         424   2.12212396       28.6654892       2.44483948E-02   41.8533096    
         425   2.12712908       28.7255497       2.38690376E-02   41.8567848    
         426   2.13213420       28.7856102       2.33020782E-02   41.8601875    
         427   2.13713932       28.8456726       2.27475166E-02   41.8635139    
         428   2.14214444       28.9057350       2.22053528E-02   41.8667679    
         429   2.14714956       28.9657955       2.16751099E-02   41.8699493    
         430   2.15215468       29.0258560       2.11563110E-02   41.8730621    
         431   2.15715981       29.0859184       2.06489563E-02   41.8761063    
         432   2.16216493       29.1459808       2.01520920E-02   41.8790855    
         433   2.16717005       29.2060413       1.96666718E-02   41.8820000    
         434   2.17217517       29.2661018       1.91917419E-02   41.8848495    
         435   2.17718029       29.3261642       1.87273026E-02   41.8876343    
         436   2.18218541       29.3862267       1.82733536E-02   41.8903580    
         437   2.18719053       29.4462872       1.78298950E-02   41.8930206    
         438   2.19219565       29.5063477       1.73959732E-02   41.8956223    
         439   2.19720078       29.5664101       1.69720650E-02   41.8981667    
         440   2.20220590       29.6264725       1.65576935E-02   41.9006538    
         441   2.20721102       29.6865330       1.61519051E-02   41.9030876    
         442   2.21221614       29.7465935       1.57556534E-02   41.9054642    
         443   2.21722126       29.8066559       1.53684616E-02   41.9077873    
         444   2.22222638       29.8667183       1.49903297E-02   41.9100571    
         445   2.22723150       29.9267788       1.46203041E-02   41.9122772    
         446   2.23223662       29.9868393       1.42583847E-02   41.9144478    
         447   2.23724174       30.0469017       1.39050484E-02   41.9165688    
         448   2.24224687       30.1069641       1.35598183E-02   41.9186401    
         449   2.24725199       30.1670246       1.32226944E-02   41.9206619    
         450   2.25225711       30.2270851       1.28936768E-02   41.9226379    
         451   2.25726223       30.2871475       1.25718117E-02   41.9245682    
         452   2.26226735       30.3472099       1.22570992E-02   41.9264565    
         453   2.26727247       30.4072704       1.19500160E-02   41.9282990    
         454   2.27227759       30.4673309       1.16500854E-02   41.9300995    
         455   2.27728271       30.5273933       1.13568306E-02   41.9318581    
         456   2.28228784       30.5874557       1.10707283E-02   41.9335747    
         457   2.28729296       30.6475163       1.07908249E-02   41.9352531    
         458   2.29229808       30.7075768       1.05175972E-02   41.9368935    
         459   2.29730320       30.7676392       1.02505684E-02   41.9384956    
         460   2.30230832       30.8277016       9.98973846E-03   41.9400597    
         461   2.30731344       30.8877621       9.73558426E-03   41.9415855    
         462   2.31231856       30.9478226       9.48715210E-03   41.9430771    
         463   2.31732368       31.0078850       9.24491882E-03   41.9445305    
         464   2.32232881       31.0679474       9.00840759E-03   41.9459496    
         465   2.32733393       31.1280079       8.77761841E-03   41.9473343    
         466   2.33233905       31.1880684       8.55159760E-03   41.9486885    
         467   2.33734417       31.2481308       8.33177567E-03   41.9500084    
         468   2.34234929       31.3081932       8.11672211E-03   41.9512978    
         469   2.34735441       31.3682537       7.90691376E-03   41.9525566    
         470   2.35235953       31.4283142       7.70235062E-03   41.9537849    
         471   2.35736465       31.4883766       7.50255585E-03   41.9549828    
         472   2.36236978       31.5484390       7.30752945E-03   41.9561539    
         473   2.36737490       31.6084995       7.11727142E-03   41.9572945    
         474   2.37238002       31.6685600       6.93178177E-03   41.9584084    
         475   2.37738514       31.7286224       6.75058365E-03   41.9594955    
         476   2.38239026       31.7886848       6.57367706E-03   41.9605560    
         477   2.38739538       31.8487453       6.40153885E-03   41.9615898    
         478   2.39240050       31.9088058       6.23321533E-03   41.9626007    
         479   2.39740562       31.9688683       6.06918335E-03   41.9635849    
         480   2.40241075       32.0289307       5.90896606E-03   41.9645462    
         481   2.40741587       32.0889893       5.75256348E-03   41.9654846    
         482   2.41242099       32.1490517       5.59997559E-03   41.9664001    
         483   2.41742611       32.2091141       5.45120239E-03   41.9672928    
         484   2.42243123       32.2691765       5.30624390E-03   41.9681625    
         485   2.42743635       32.3292351       5.16510010E-03   41.9690094    
         486   2.43244147       32.3892975       5.02681732E-03   41.9698372    
         487   2.43744659       32.4493599       4.89282608E-03   41.9706421    
         488   2.44245172       32.5094223       4.76169586E-03   41.9714279    
         489   2.44745684       32.5694809       4.63390350E-03   41.9721947    
         490   2.45246196       32.6295433       4.50944901E-03   41.9729424    
         491   2.45746708       32.6896057       4.38785553E-03   41.9736710    
         492   2.46247220       32.7496681       4.26959991E-03   41.9743805    
         493   2.46747732       32.8097267       4.15468216E-03   41.9750710    
         494   2.47248244       32.8697891       4.04214859E-03   41.9757462    
         495   2.47748756       32.9298515       3.93295288E-03   41.9764023    
         496   2.48249269       32.9899139       3.82614136E-03   41.9770432    
         497   2.48749781       33.0499725       3.72171402E-03   41.9776688    
         498   2.49250293       33.1100349       3.62014771E-03   41.9782791    
         499   2.49750805       33.1700974       3.52144241E-03   41.9788704    
         500   2.50251317       33.2301598       3.42464447E-03   41.9794502    
         501   2.50751829       33.2902184       3.33070755E-03   41.9800148    
         502   2.51252341       33.3502808       3.23915482E-03   41.9805641    
         503   2.51752853       33.4103432       3.14998627E-03   41.9810982    
         504   2.52253366       33.4704056       3.06320190E-03   41.9816208    
         505   2.52753878       33.5304642       2.97832489E-03   41.9821281    
         506   2.53254390       33.5905266       2.89583206E-03   41.9826241    
         507   2.53754902       33.6505890       2.81572342E-03   41.9831047    
         508   2.54255414       33.7106514       2.73752213E-03   41.9835739    
         509   2.54755926       33.7707100       2.66122818E-03   41.9840317    
         510   2.55256438       33.8307724       2.58684158E-03   41.9844780    
         511   2.55756950       33.8908348       2.51483917E-03   41.9849091    
         512   2.56257463       33.9508972       2.44426727E-03   41.9853325    
         513   2.56757975       34.0109558       2.37560272E-03   41.9857445    
         514   2.57258487       34.0710182       2.30884552E-03   41.9861450    
         515   2.57758999       34.1310806       2.24399567E-03   41.9865341    
         516   2.58259511       34.1911430       2.18105316E-03   41.9869118    
         517   2.58760023       34.2512016       2.11954117E-03   41.9872818    
         518   2.59260535       34.3112640       2.05993652E-03   41.9876404    
         519   2.59761047       34.3713264       2.00128555E-03   41.9879913    
         520   2.60261559       34.4313889       1.94454193E-03   41.9883308    
         521   2.60762072       34.4914474       1.88922882E-03   41.9886627    
         522   2.61262584       34.5515099       1.83582306E-03   41.9889832    
         523   2.61763096       34.6115723       1.78384781E-03   41.9892960    
         524   2.62263608       34.6716347       1.73282623E-03   41.9896011    
         525   2.62764120       34.7316933       1.68323517E-03   41.9898987    
         526   2.63264632       34.7917557       1.63507462E-03   41.9901886    
         527   2.63765144       34.8518181       1.58786774E-03   41.9904709    
         528   2.64265656       34.9118805       1.54209137E-03   41.9907455    
         529   2.64766169       34.9719391       1.49774551E-03   41.9910126    
         530   2.65266681       35.0320015       1.45435333E-03   41.9912720    
         531   2.65767193       35.0920639       1.41239166E-03   41.9915237    
         532   2.66267705       35.1521263       1.37186050E-03   41.9917679    
         533   2.66768217       35.2121849       1.33228302E-03   41.9920044    
         534   2.67268729       35.2722473       1.29365921E-03   41.9922371    
         535   2.67769241       35.3323097       1.25598907E-03   41.9924622    
         536   2.68269753       35.3923721       1.21927261E-03   41.9926834    
         537   2.68770266       35.4524345       1.18350983E-03   41.9928970    
         538   2.69270778       35.5124931       1.14917755E-03   41.9931030    
         539   2.69771290       35.5725555       1.11579895E-03   41.9933052    
         540   2.70271802       35.6326180       1.08337402E-03   41.9934998    
         541   2.70772314       35.6926765       1.05142593E-03   41.9936905    
         542   2.71272826       35.7527390       1.02043152E-03   41.9938774    
         543   2.71773338       35.8128014       9.90390778E-04   41.9940567    
         544   2.72273850       35.8728638       9.61303711E-04   41.9942322    
         545   2.72774363       35.9329262       9.32693481E-04   41.9944038    
         546   2.73274875       35.9929848       9.05036926E-04   41.9945679    
         547   2.73775387       36.0530472       8.78334045E-04   41.9947281    
         548   2.74275899       36.1131096       8.52584839E-04   41.9948845    
         549   2.74776411       36.1731682       8.26835632E-04   41.9950371    
         550   2.75276923       36.2332306       8.02040100E-04   41.9951859    
         551   2.75777435       36.2932930       7.78198242E-04   41.9953308    
         552   2.76277947       36.3533554       7.54356384E-04   41.9954720    
         553   2.76778460       36.4134178       7.31468201E-04   41.9956093    
         554   2.77278972       36.4734764       7.09533691E-04   41.9957428    
         555   2.77779484       36.5335388       6.87599182E-04   41.9958725    
         556   2.78279996       36.5936012       6.66618347E-04   41.9959984    
         557   2.78780508       36.6536598       6.46591187E-04   41.9961205    
         558   2.79281020       36.7137222       6.26564026E-04   41.9962387    
         559   2.79781532       36.7737846       6.07490540E-04   41.9963531    
         560   2.80282044       36.8338470       5.89370728E-04   41.9964638    
         561   2.80782557       36.8939095       5.71250916E-04   41.9965706    
         562   2.81283069       36.9539680       5.54084778E-04   41.9966736    
         563   2.81783581       37.0140305       5.36918640E-04   41.9967766    
         564   2.82284093       37.0740929       5.20706177E-04   41.9968758    
         565   2.82784605       37.1341515       5.04493713E-04   41.9969711    
         566   2.83285117       37.1942139       4.89234924E-04   41.9970627    
         567   2.83785629       37.2542763       4.73976135E-04   41.9971542    
         568   2.84286141       37.3143387       4.59671021E-04   41.9972420    
         569   2.84786654       37.3744011       4.45365906E-04   41.9973259    
         570   2.85287166       37.4344597       4.31537628E-04   41.9974098    
         571   2.85787678       37.4945221       4.18186188E-04   41.9974899    
         572   2.86288190       37.5545845       4.05311584E-04   41.9975662    
         573   2.86788702       37.6146431       3.92913818E-04   41.9976425    
         574   2.87289214       37.6747055       3.80516052E-04   41.9977150    
         575   2.87789726       37.7347679       3.68595123E-04   41.9977875    
         576   2.88290238       37.7948303       3.57151031E-04   41.9978561    
         577   2.88790751       37.8548927       3.46183777E-04   41.9979210    
         578   2.89291263       37.9149513       3.35693359E-04   41.9979858    
         579   2.89791775       37.9750137       3.25202942E-04   41.9980469    
         580   2.90292287       38.0350761       3.15189362E-04   41.9981079    
         581   2.90792799       38.0951347       3.05175781E-04   41.9981689    
         582   2.91293311       38.1551971       2.95639038E-04   41.9982262    
         583   2.91793823       38.2152596       2.86102295E-04   41.9982834    
         584   2.92294335       38.2753220       2.77042389E-04   41.9983368    
         585   2.92794847       38.3353844       2.67982483E-04   41.9983902    
         586   2.93295360       38.3954430       2.59876251E-04   41.9984398    
         587   2.93795872       38.4555054       2.51770020E-04   41.9984894    
         588   2.94296384       38.5155678       2.43186951E-04   41.9985390    
         589   2.94796896       38.5756264       2.35557556E-04   41.9985847    
         590   2.95297408       38.6356888       2.27928162E-04   41.9986305    
         591   2.95797920       38.6957512       2.21252441E-04   41.9986725    
         592   2.96298432       38.7558136       2.14099884E-04   41.9987144    
         593   2.96798944       38.8158760       2.06947327E-04   41.9987564    
         594   2.97299457       38.8759346       2.00748444E-04   41.9987946    
         595   2.97799969       38.9359970       1.94549561E-04   41.9988327    
         596   2.98300481       38.9960594       1.87873840E-04   41.9988708    
         597   2.98800993       39.0561180       1.82151794E-04   41.9989052    
         598   2.99301505       39.1161804       1.76429749E-04   41.9989395    
         599   2.99802017       39.1762428       1.70707703E-04   41.9989738    
         600   3.00302529       39.2363052       1.64985657E-04   41.9990082    
         601   3.00803041       39.2963676       1.60217285E-04   41.9990387    
         602   3.01303554       39.3564262       1.54972076E-04   41.9990692    
         603   3.01804066       39.4164886       1.49726868E-04   41.9990997    
         604   3.02304578       39.4765511       1.44958496E-04   41.9991302    
         605   3.02805090       39.5366096       1.40190125E-04   41.9991570    
         606   3.03305602       39.5966721       1.35898590E-04   41.9991837    
         607   3.03806114       39.6567345       1.31607056E-04   41.9992104    
         608   3.04306626       39.7167969       1.26838684E-04   41.9992371    
         609   3.04807138       39.7768593       1.22547150E-04   41.9992638    
         610   3.05307651       39.8369179       1.18732452E-04   41.9992867    
         611   3.05808163       39.8969803       1.14917755E-04   41.9993095    
         612   3.06308675       39.9570427       1.11103058E-04   41.9993324    
         613   3.06809187       40.0171013       1.07288361E-04   41.9993553    
         614   3.07309699       40.0771637       1.03473663E-04   41.9993782    
         615   3.07810211       40.1372261       1.00135803E-04   41.9993973    
         616   3.08310723       40.1972885       9.72747803E-05   41.9994164    
         617   3.08811235       40.2573509       9.39369202E-05   41.9994354    
         618   3.09311748       40.3174095       9.05990601E-05   41.9994545    
         619   3.09812260       40.3774719       8.77380371E-05   41.9994736    
         620   3.10312772       40.4375343       8.44001770E-05   41.9994926    
         621   3.10813284       40.4975929       8.20159912E-05   41.9995079    
         622   3.11313796       40.5576553       7.91549683E-05   41.9995232    
         623   3.11814308       40.6177177       7.67707825E-05   41.9995384    
         624   3.12314820       40.6777802       7.43865967E-05   41.9995537    
         625   3.12815332       40.7378426       7.15255737E-05   41.9995689    
         626   3.13315845       40.7979012       6.91413879E-05   41.9995842    
         627   3.13816357       40.8579636       6.67572021E-05   41.9995995    
         628   3.14316869       40.9180260       6.38961792E-05   41.9996147    
         629   3.14817381       40.9780846       6.19888306E-05   41.9996262    
         630   3.15317893       41.0381470       6.00814819E-05   41.9996376    
         631   3.15818405       41.0982094       5.81741333E-05   41.9996490    
         632   3.16318917       41.1582718       5.62667847E-05   41.9996605    
         633   3.16819429       41.2183342       5.43594360E-05   41.9996719    
         634   3.17319942       41.2783928       5.24520874E-05   41.9996834    
         635   3.17820454       41.3384552       5.05447388E-05   41.9996948    
         636   3.18320966       41.3985176       4.86373901E-05   41.9997063    
         637   3.18821478       41.4585762       4.67300415E-05   41.9997177    
         638   3.19321990       41.5186386       4.48226929E-05   41.9997292    
         639   3.19822502       41.5787010       4.38690186E-05   41.9997368    
         640   3.20323014       41.6387634       4.24385071E-05   41.9997444    
         641   3.20823526       41.6988258       4.10079956E-05   41.9997520    
         642   3.21324039       41.7588844       4.00543213E-05   41.9997597    
         643   3.21824551       41.8189468       3.86238098E-05   41.9997673    
         644   3.22325063       41.8790092       3.71932983E-05   41.9997749    
         645   3.22825575       41.9390678       3.62396240E-05   41.9997826    
         646   3.23326087       41.9991302       3.48091125E-05   41.9997902    
         647   3.23826599       42.0591927       3.33786011E-05   41.9997978    
         648   3.24327111       42.1192551       3.24249268E-05   41.9998055    
         649   3.24827623       42.1793175       3.09944153E-05   41.9998131    
         650   3.25328135       42.2393761       2.95639038E-05   41.9998207    
         651   3.25828648       42.2994385       2.86102295E-05   41.9998283    
         652   3.26329160       42.3595009       2.71797180E-05   41.9998360    
         653   3.26829672       42.4195595       2.67028809E-05   41.9998398    
         654   3.27330184       42.4796219       2.57492065E-05   41.9998436    
         655   3.27830696       42.5396843       2.52723694E-05   41.9998474    
         656   3.28331208       42.5997467       2.47955322E-05   41.9998512    
         657   3.28831720       42.6598091       2.38418579E-05   41.9998550    
         658   3.29332232       42.7198677       2.33650208E-05   41.9998589    
         659   3.29832745       42.7799301       2.28881836E-05   41.9998627    
         660   3.30333257       42.8399925       2.19345093E-05   41.9998665    
         661   3.30833769       42.9000511       2.14576721E-05   41.9998703    
         662   3.31334281       42.9601135       2.09808350E-05   41.9998741    
         663   3.31834793       43.0201759       2.00271606E-05   41.9998779    
         664   3.32335305       43.0802383       1.95503235E-05   41.9998817    
         665   3.32835817       43.1403008       1.90734863E-05   41.9998856    
         666   3.33336329       43.2003593       1.81198120E-05   41.9998894    
         667   3.33836842       43.2604218       1.76429749E-05   41.9998932    
         668   3.34337354       43.3204842       1.71661377E-05   41.9998970    
         669   3.34837866       43.3805428       1.62124634E-05   41.9999008    
         670   3.35338378       43.4406052       1.57356262E-05   41.9999046    
         671   3.35838890       43.5006676       1.52587891E-05   41.9999084    
         672   3.36339402       43.5607300       1.43051147E-05   41.9999123    
         673   3.36839914       43.6207924       1.38282776E-05   41.9999161    
         674   3.37340426       43.6808510       1.33514404E-05   41.9999199    
         675   3.37840939       43.7409134       1.23977661E-05   41.9999237    
         676   3.38341451       43.8009758       1.19209290E-05   41.9999275    
         677   3.38841963       43.8610344       1.14440918E-05   41.9999313    
         678   3.39342475       43.9210968       1.04904175E-05   41.9999352    
         679   3.39842987       43.9811592       1.00135803E-05   41.9999390    
         680   3.40343499       44.0412216       9.53674316E-06   41.9999428    
         681   3.40844011       44.1012840       8.58306885E-06   41.9999466    
         682   3.41344523       44.1613426       8.58306885E-06   41.9999466    
         683   3.41845036       44.2214050       8.58306885E-06   41.9999466    
         684   3.42345548       44.2814674       8.58306885E-06   41.9999466    
         685   3.42846060       44.3415260       8.58306885E-06   41.9999466    
         686   3.43346572       44.4015884       8.58306885E-06   41.9999466    
         687   3.43847084       44.4616508       8.58306885E-06   41.9999466    
         688   3.44347596       44.5217133       8.58306885E-06   41.9999466    
         689   3.44848108       44.5817757       8.58306885E-06   41.9999466    
         690   3.45348620       44.6418343       8.58306885E-06   41.9999466    
         691   3.45849133       44.7018967       8.58306885E-06   41.9999466    
         692   3.46349645       44.7619591       8.58306885E-06   41.9999466    
         693   3.46850157       44.8220177       8.10623169E-06   41.9999504    
         694   3.47350669       44.8820801       8.10623169E-06   41.9999504    
         695   3.47851181       44.9421425       8.10623169E-06   41.9999504    
         696   3.48351693       45.0022049       8.10623169E-06   41.9999504    
         697   3.48852205       45.0622673       8.10623169E-06   41.9999504    
         698   3.49352717       45.1223259       8.10623169E-06   41.9999504    
         699   3.49853230       45.1823883       8.10623169E-06   41.9999504    
         700   3.50353742       45.2424507       8.10623169E-06   41.9999504    
         701   3.50854254       45.3025093       8.10623169E-06   41.9999504    
         702   3.51354766       45.3625717       8.10623169E-06   41.9999504    
         703   3.51855278       45.4226341       8.10623169E-06   41.9999504    
         704   3.52355790       45.4826965       8.10623169E-06   41.9999504    
         705   3.52856302       45.5427589       8.10623169E-06   41.9999504    
         706   3.53356814       45.6028175       8.10623169E-06   41.9999504    
         707   3.53857327       45.6628799       8.10623169E-06   41.9999504    
         708   3.54357839       45.7229424       8.10623169E-06   41.9999504    
         709   3.54858351       45.7830009       8.10623169E-06   41.9999504    
         710   3.55358863       45.8430634       8.10623169E-06   41.9999504    
         711   3.55859375       45.9031258       8.10623169E-06   41.9999504    
         712   3.56359887       45.9631882       8.10623169E-06   41.9999504    
         713   3.56860399       46.0232506       8.10623169E-06   41.9999504    
         714   3.57360911       46.0833092       8.10623169E-06   41.9999504    
         715   3.57861423       46.1433716       8.10623169E-06   41.9999504    
         716   3.58361936       46.2034340       8.10623169E-06   41.9999504    
         717   3.58862448       46.2634926       8.10623169E-06   41.9999504    
         718   3.59362960       46.3235550       8.10623169E-06   41.9999504    
         719   3.59863472       46.3836174       8.10623169E-06   41.9999504    
         720   3.60363984       46.4436798       8.10623169E-06   41.9999504    
         721   3.60864496       46.5037422       8.10623169E-06   41.9999504    
         722   3.61365008       46.5638008       8.10623169E-06   41.9999504    
         723   3.61865520       46.6238632       8.10623169E-06   41.9999504    
         724   3.62366033       46.6839256       8.10623169E-06   41.9999504    
         725   3.62866545       46.7439842       8.10623169E-06   41.9999504    
         726   3.63367057       46.8040466       8.10623169E-06   41.9999504    
         727   3.63867569       46.8641090       8.10623169E-06   41.9999504    
         728   3.64368081       46.9241714       8.10623169E-06   41.9999504    
         729   3.64868593       46.9842339       8.10623169E-06   41.9999504    
         730   3.65369105       47.0442924       8.10623169E-06   41.9999504    
         731   3.65869617       47.1043549       8.10623169E-06   41.9999504    
         732   3.66370130       47.1644173       8.10623169E-06   41.9999504    
         733   3.66870642       47.2244759       8.10623169E-06   41.9999504    
         734   3.67371154       47.2845383       8.10623169E-06   41.9999504    
         735   3.67871666       47.3446007       8.10623169E-06   41.9999504    
         736   3.68372178       47.4046631       8.10623169E-06   41.9999504    
         737   3.68872690       47.4647255       7.62939453E-06   41.9999542    
         738   3.69373202       47.5247841       7.62939453E-06   41.9999542    
         739   3.69873714       47.5848465       7.62939453E-06   41.9999542    
         740   3.70374227       47.6449089       7.62939453E-06   41.9999542    
         741   3.70874739       47.7049675       7.62939453E-06   41.9999542    
         742   3.71375251       47.7650299       7.62939453E-06   41.9999542    
         743   3.71875763       47.8250923       7.62939453E-06   41.9999542    
         744   3.72376275       47.8851547       7.62939453E-06   41.9999542    
         745   3.72876787       47.9452171       7.62939453E-06   41.9999542    
         746   3.73377299       48.0052757       7.62939453E-06   41.9999542    
         747   3.73877811       48.0653381       7.62939453E-06   41.9999542    
         748   3.74378324       48.1254005       7.62939453E-06   41.9999542    
         749   3.74878836       48.1854591       7.62939453E-06   41.9999542    
         750   3.75379348       48.2455215       7.62939453E-06   41.9999542    
         751   3.75879860       48.3055840       7.62939453E-06   41.9999542    
         752   3.76380372       48.3656464       7.62939453E-06   41.9999542    
         753   3.76880884       48.4257088       7.62939453E-06   41.9999542    
         754   3.77381396       48.4857674       7.62939453E-06   41.9999542    
         755   3.77881908       48.5458298       7.62939453E-06   41.9999542    
         756   3.78382421       48.6058922       7.62939453E-06   41.9999542    
         757   3.78882933       48.6659508       7.62939453E-06   41.9999542    
         758   3.79383445       48.7260132       7.62939453E-06   41.9999542    
         759   3.79883957       48.7860756       7.62939453E-06   41.9999542    
         760   3.80384469       48.8461380       7.62939453E-06   41.9999542    
         761   3.80884981       48.9062004       7.62939453E-06   41.9999542    
         762   3.81385493       48.9662590       7.62939453E-06   41.9999542    
         763   3.81886005       49.0263214       7.62939453E-06   41.9999542    
         764   3.82386518       49.0863838       7.62939453E-06   41.9999542    
         765   3.82887030       49.1464424       7.62939453E-06   41.9999542    
         766   3.83387542       49.2065048       7.62939453E-06   41.9999542    
         767   3.83888054       49.2665672       7.62939453E-06   41.9999542    
         768   3.84388566       49.3266296       7.62939453E-06   41.9999542    
         769   3.84889078       49.3866920       7.62939453E-06   41.9999542    
         770   3.85389590       49.4467506       7.62939453E-06   41.9999542    
         771   3.85890102       49.5068130       7.62939453E-06   41.9999542    
         772   3.86390615       49.5668755       7.62939453E-06   41.9999542    
         773   3.86891127       49.6269341       7.62939453E-06   41.9999542    
         774   3.87391639       49.6869965       7.62939453E-06   41.9999542    
         775   3.87892151       49.7470589       7.62939453E-06   41.9999542    
         776   3.88392663       49.8071213       7.62939453E-06   41.9999542    
         777   3.88893175       49.8671837       7.62939453E-06   41.9999542    
         778   3.89393687       49.9272423       7.62939453E-06   41.9999542    
         779   3.89894199       49.9873047       7.62939453E-06   41.9999542    
         780   3.90394711       50.0473671       7.62939453E-06   41.9999542    
         781   3.90895224       50.1074257       7.62939453E-06   41.9999542    
         782   3.91395736       50.1674881       7.62939453E-06   41.9999542    
         783   3.91896248       50.2275505       7.62939453E-06   41.9999542    
         784   3.92396760       50.2876129       7.62939453E-06   41.9999542    
         785   3.92897272       50.3476753       7.62939453E-06   41.9999542    
         786   3.93397784       50.4077339       7.62939453E-06   41.9999542    
         787   3.93898296       50.4677963       7.62939453E-06   41.9999542    
         788   3.94398808       50.5278587       7.62939453E-06   41.9999542    
         789   3.94899321       50.5879173       7.62939453E-06   41.9999542    
         790   3.95399833       50.6479797       7.62939453E-06   41.9999542    
         791   3.95900345       50.7080421       7.62939453E-06   41.9999542    
         792   3.96400857       50.7681046       7.62939453E-06   41.9999542    
         793   3.96901369       50.8281670       7.62939453E-06   41.9999542    
         794   3.97401881       50.8882256       7.62939453E-06   41.9999542    
         795   3.97902393       50.9482880       7.62939453E-06   41.9999542    
         796   3.98402905       51.0083504       6.67572021E-06   41.9999580    
         797   3.98903418       51.0684090       6.67572021E-06   41.9999580    
         798   3.99403930       51.1284714       6.67572021E-06   41.9999580    
         799   3.99904442       51.1885338       6.67572021E-06   41.9999580    
         800   4.00404930       51.2485924       6.67572021E-06   41.9999580    
         801   4.00905418       51.3086510       6.67572021E-06   41.9999580    
         802   4.01405907       51.3687096       6.67572021E-06   41.9999580    
         803   4.01906395       51.4287682       6.67572021E-06   41.9999580    
         804   4.02406883       51.4888268       6.67572021E-06   41.9999580    
         805   4.02907372       51.5488853       6.67572021E-06   41.9999580    
         806   4.03407860       51.6089439       6.67572021E-06   41.9999580    
         807   4.03908348       51.6690025       6.67572021E-06   41.9999580    
         808   4.04408836       51.7290611       6.67572021E-06   41.9999580    
         809   4.04909325       51.7891197       6.67572021E-06   41.9999580    
         810   4.05409813       51.8491783       6.67572021E-06   41.9999580    
         811   4.05910301       51.9092369       6.67572021E-06   41.9999580    
         812   4.06410789       51.9692955       6.67572021E-06   41.9999580    
         813   4.06911278       52.0293541       6.67572021E-06   41.9999580    
         814   4.07411766       52.0894127       6.67572021E-06   41.9999580    
         815   4.07912254       52.1494713       6.67572021E-06   41.9999580    
         816   4.08412743       52.2095299       6.67572021E-06   41.9999580    
         817   4.08913231       52.2695885       6.67572021E-06   41.9999580    
         818   4.09413719       52.3296471       6.67572021E-06   41.9999580    
         819   4.09914207       52.3897057       6.67572021E-06   41.9999580    
         820   4.10414696       52.4497643       6.67572021E-06   41.9999580    
         821   4.10915184       52.5098228       6.67572021E-06   41.9999580    
         822   4.11415672       52.5698814       6.67572021E-06   41.9999580    
         823   4.11916161       52.6299400       6.67572021E-06   41.9999580    
         824   4.12416649       52.6899986       6.67572021E-06   41.9999580    
         825   4.12917137       52.7500572       6.67572021E-06   41.9999580    
         826   4.13417625       52.8101158       6.67572021E-06   41.9999580    
         827   4.13918114       52.8701744       6.67572021E-06   41.9999580    
         828   4.14418602       52.9302330       6.67572021E-06   41.9999580    
         829   4.14919090       52.9902916       6.67572021E-06   41.9999580    
         830   4.15419579       53.0503502       6.67572021E-06   41.9999580    
         831   4.15920067       53.1104088       6.67572021E-06   41.9999580    
         832   4.16420555       53.1704674       6.67572021E-06   41.9999580    
         833   4.16921043       53.2305260       6.67572021E-06   41.9999580    
         834   4.17421532       53.2905846       6.67572021E-06   41.9999580    
         835   4.17922020       53.3506432       6.67572021E-06   41.9999580    
         836   4.18422508       53.4107018       6.67572021E-06   41.9999580    
         837   4.18922997       53.4707603       6.67572021E-06   41.9999580    
         838   4.19423485       53.5308189       6.67572021E-06   41.9999580    
         839   4.19923973       53.5908775       6.67572021E-06   41.9999580    
         840   4.20424461       53.6509361       6.67572021E-06   41.9999580    
         841   4.20924950       53.7109947       6.67572021E-06   41.9999580    
         842   4.21425438       53.7710533       6.67572021E-06   41.9999580    
         843   4.21925926       53.8311119       6.67572021E-06   41.9999580    
         844   4.22426414       53.8911705       6.67572021E-06   41.9999580    
         845   4.22926903       53.9512291       6.67572021E-06   41.9999580    
         846   4.23427391       54.0112877       6.67572021E-06   41.9999580    
         847   4.23927879       54.0713463       6.67572021E-06   41.9999580    
         848   4.24428368       54.1314049       6.67572021E-06   41.9999580    
         849   4.24928856       54.1914635       6.67572021E-06   41.9999580    
         850   4.25429344       54.2515221       6.67572021E-06   41.9999580    
         851   4.25929832       54.3115807       6.67572021E-06   41.9999580    
         852   4.26430321       54.3716393       6.67572021E-06   41.9999580    
         853   4.26930809       54.4316978       6.67572021E-06   41.9999580    
         854   4.27431297       54.4917564       6.67572021E-06   41.9999580    
         855   4.27931786       54.5518150       6.67572021E-06   41.9999580    
         856   4.28432274       54.6118736       6.67572021E-06   41.9999580    
         857   4.28932762       54.6719322       6.67572021E-06   41.9999580    
         858   4.29433250       54.7319908       6.67572021E-06   41.9999580    
         859   4.29933739       54.7920494       6.67572021E-06   41.9999580    
         860   4.30434227       54.8521080       6.67572021E-06   41.9999580    
         861   4.30934715       54.9121666       6.67572021E-06   41.9999580    
         862   4.31435204       54.9722252       6.67572021E-06   41.9999580    
         863   4.31935692       55.0322838       6.67572021E-06   41.9999580    
         864   4.32436180       55.0923424       6.67572021E-06   41.9999580    
         865   4.32936668       55.1524010       6.67572021E-06   41.9999580    
         866   4.33437157       55.2124596       6.67572021E-06   41.9999580    
         867   4.33937645       55.2725182       6.67572021E-06   41.9999580    
         868   4.34438133       55.3325768       6.67572021E-06   41.9999580    
         869   4.34938622       55.3926353       6.67572021E-06   41.9999580    
         870   4.35439110       55.4526939       6.67572021E-06   41.9999580    
         871   4.35939598       55.5127525       6.67572021E-06   41.9999580    
         872   4.36440086       55.5728111       6.67572021E-06   41.9999580    
         873   4.36940575       55.6328697       6.67572021E-06   41.9999580    
         874   4.37441063       55.6929283       6.67572021E-06   41.9999580    
         875   4.37941551       55.7529869       6.67572021E-06   41.9999580    
         876   4.38442039       55.8130455       6.67572021E-06   41.9999580    
         877   4.38942528       55.8731041       6.67572021E-06   41.9999580    
         878   4.39443016       55.9331627       6.67572021E-06   41.9999580    
         879   4.39943504       55.9932213       6.67572021E-06   41.9999580    
         880   4.40443993       56.0532799       6.67572021E-06   41.9999580    
         881   4.40944481       56.1133385       6.67572021E-06   41.9999580    
         882   4.41444969       56.1733971       6.67572021E-06   41.9999580    
         883   4.41945457       56.2334557       6.67572021E-06   41.9999580    
         884   4.42445946       56.2935143       6.67572021E-06   41.9999580    
         885   4.42946434       56.3535728       6.67572021E-06   41.9999580    
         886   4.43446922       56.4136314       6.67572021E-06   41.9999580    
         887   4.43947411       56.4736900       6.67572021E-06   41.9999580    
         888   4.44447899       56.5337486       6.67572021E-06   41.9999580    
         889   4.44948387       56.5938072       6.67572021E-06   41.9999580    
         890   4.45448875       56.6538658       6.67572021E-06   41.9999580    
         891   4.45949364       56.7139244       6.67572021E-06   41.9999580    
         892   4.46449852       56.7739830       6.67572021E-06   41.9999580    
         893   4.46950340       56.8340416       6.67572021E-06   41.9999580    
         894   4.47450829       56.8941002       6.67572021E-06   41.9999580    
         895   4.47951317       56.9541588       6.67572021E-06   41.9999580    
         896   4.48451805       57.0142174       6.67572021E-06   41.9999580    
         897   4.48952293       57.0742760       6.67572021E-06   41.9999580    
         898   4.49452782       57.1343346       6.67572021E-06   41.9999580    
         899   4.49953270       57.1943932       6.67572021E-06   41.9999580    
         900   4.50453758       57.2544518       6.67572021E-06   41.9999580    
         901   4.50954247       57.3145103       6.67572021E-06   41.9999580    
         902   4.51454735       57.3745689       6.67572021E-06   41.9999580    
         903   4.51955223       57.4346275       6.67572021E-06   41.9999580    
         904   4.52455711       57.4946861       6.67572021E-06   41.9999580    
         905   4.52956200       57.5547447       6.67572021E-06   41.9999580    
         906   4.53456688       57.6148033       6.67572021E-06   41.9999580    
         907   4.53957176       57.6748619       6.67572021E-06   41.9999580    
         908   4.54457664       57.7349205       6.67572021E-06   41.9999580    
         909   4.54958153       57.7949791       6.19888306E-06   41.9999619    
         910   4.55458641       57.8550377       6.19888306E-06   41.9999619    
         911   4.55959129       57.9150963       6.19888306E-06   41.9999619    
         912   4.56459618       57.9751549       6.19888306E-06   41.9999619    
         913   4.56960106       58.0352135       6.19888306E-06   41.9999619    
         914   4.57460594       58.0952721       6.19888306E-06   41.9999619    
         915   4.57961082       58.1553307       6.19888306E-06   41.9999619    
         916   4.58461571       58.2153893       6.19888306E-06   41.9999619    
         917   4.58962059       58.2754478       6.19888306E-06   41.9999619    
         918   4.59462547       58.3355064       6.19888306E-06   41.9999619    
         919   4.59963036       58.3955650       6.19888306E-06   41.9999619    
         920   4.60463524       58.4556236       6.19888306E-06   41.9999619    
         921   4.60964012       58.5156822       6.19888306E-06   41.9999619    
         922   4.61464500       58.5757408       6.19888306E-06   41.9999619    
         923   4.61964989       58.6357994       6.19888306E-06   41.9999619    
         924   4.62465477       58.6958580       6.19888306E-06   41.9999619    
         925   4.62965965       58.7559166       6.19888306E-06   41.9999619    
         926   4.63466454       58.8159752       6.19888306E-06   41.9999619    
         927   4.63966942       58.8760338       6.19888306E-06   41.9999619    
         928   4.64467430       58.9360924       6.19888306E-06   41.9999619    
         929   4.64967918       58.9961510       6.19888306E-06   41.9999619    
         930   4.65468407       59.0562096       6.19888306E-06   41.9999619    
         931   4.65968895       59.1162682       6.19888306E-06   41.9999619    
         932   4.66469383       59.1763268       6.19888306E-06   41.9999619    
         933   4.66969872       59.2363853       6.19888306E-06   41.9999619    
         934   4.67470360       59.2964439       6.19888306E-06   41.9999619    
         935   4.67970848       59.3565025       6.19888306E-06   41.9999619    
         936   4.68471336       59.4165611       6.19888306E-06   41.9999619    
         937   4.68971825       59.4766197       6.19888306E-06   41.9999619    
         938   4.69472313       59.5366783       6.19888306E-06   41.9999619    
         939   4.69972801       59.5967369       6.19888306E-06   41.9999619    
         940   4.70473289       59.6567955       6.19888306E-06   41.9999619    
         941   4.70973778       59.7168541       6.19888306E-06   41.9999619    
         942   4.71474266       59.7769127       6.19888306E-06   41.9999619    
         943   4.71974754       59.8369713       6.19888306E-06   41.9999619    
         944   4.72475243       59.8970299       6.19888306E-06   41.9999619    
         945   4.72975731       59.9570885       6.19888306E-06   41.9999619    
         946   4.73476219       60.0171471       6.19888306E-06   41.9999619    
         947   4.73976707       60.0772057       6.19888306E-06   41.9999619    
         948   4.74477196       60.1372643       6.19888306E-06   41.9999619    
         949   4.74977684       60.1973228       6.19888306E-06   41.9999619    
         950   4.75478172       60.2573814       6.19888306E-06   41.9999619    
         951   4.75978661       60.3174400       6.19888306E-06   41.9999619    
         952   4.76479149       60.3774986       6.19888306E-06   41.9999619    
         953   4.76979637       60.4375572       6.19888306E-06   41.9999619    
         954   4.77480125       60.4976158       6.19888306E-06   41.9999619    
         955   4.77980614       60.5576744       6.19888306E-06   41.9999619    
         956   4.78481102       60.6177330       6.19888306E-06   41.9999619    
         957   4.78981590       60.6777916       6.19888306E-06   41.9999619    
         958   4.79482079       60.7378502       6.19888306E-06   41.9999619    
         959   4.79982567       60.7979088       6.19888306E-06   41.9999619    
         960   4.80483055       60.8579674       6.19888306E-06   41.9999619    
         961   4.80983543       60.9180260       6.19888306E-06   41.9999619    
         962   4.81484032       60.9780846       6.19888306E-06   41.9999619    
         963   4.81984520       61.0381432       6.19888306E-06   41.9999619    
         964   4.82485008       61.0982018       6.19888306E-06   41.9999619    
         965   4.82985497       61.1582603       6.19888306E-06   41.9999619    
         966   4.83485985       61.2183189       6.19888306E-06   41.9999619    
         967   4.83986473       61.2783775       6.19888306E-06   41.9999619    
         968   4.84486961       61.3384361       6.19888306E-06   41.9999619    
         969   4.84987450       61.3984947       6.19888306E-06   41.9999619    
         970   4.85487938       61.4585533       6.19888306E-06   41.9999619    
         971   4.85988426       61.5186119       6.19888306E-06   41.9999619    
         972   4.86488914       61.5786705       6.19888306E-06   41.9999619    
         973   4.86989403       61.6387291       6.19888306E-06   41.9999619    
         974   4.87489891       61.6987877       6.19888306E-06   41.9999619    
         975   4.87990379       61.7588463       6.19888306E-06   41.9999619    
         976   4.88490868       61.8189049       6.19888306E-06   41.9999619    
         977   4.88991356       61.8789635       6.19888306E-06   41.9999619    
         978   4.89491844       61.9390221       6.19888306E-06   41.9999619    
         979   4.89992332       61.9990807       6.19888306E-06   41.9999619    
         980   4.90492821       62.0591393       6.19888306E-06   41.9999619    
         981   4.90993309       62.1191978       6.19888306E-06   41.9999619    
         982   4.91493797       62.1792564       6.19888306E-06   41.9999619    
         983   4.91994286       62.2393150       6.19888306E-06   41.9999619    
         984   4.92494774       62.2993736       5.72204590E-06   41.9999657    
         985   4.92995262       62.3594322       5.72204590E-06   41.9999657    
         986   4.93495750       62.4194908       5.72204590E-06   41.9999657    
         987   4.93996239       62.4795494       5.72204590E-06   41.9999657    
         988   4.94496727       62.5396080       5.72204590E-06   41.9999657    
         989   4.94997215       62.5996666       5.72204590E-06   41.9999657    
         990   4.95497704       62.6597252       5.72204590E-06   41.9999657    
         991   4.95998192       62.7197838       5.72204590E-06   41.9999657    
         992   4.96498680       62.7798424       5.72204590E-06   41.9999657    
         993   4.96999168       62.8399010       5.72204590E-06   41.9999657    
         994   4.97499657       62.8999596       5.72204590E-06   41.9999657    
         995   4.98000145       62.9600182       5.72204590E-06   41.9999657    
         996   4.98500633       63.0200768       5.72204590E-06   41.9999657    
         997   4.99001122       63.0801353       5.72204590E-06   41.9999657    
         998   4.99501610       63.1401939       5.72204590E-06   41.9999657    
         999   5.00002098       63.2002525       5.72204590E-06   41.9999657    
        1000   5.00502586       63.2603111       5.72204590E-06   41.9999657    
[?2004h